6
Game1
a
b
Sun Nov 11 21:36:29 2018
0
24 20
7
12 10
13 10
13 11
14 11
14 12
14 13
15 13
1
Game2
a
b
Sun Nov 11 21:37:20 2018
0
24 20
9
12 10
13 10
13 11
14 11
14 12
14 13
15 13
13 9
14 10
1
Game_PVC1
a
Computer level 3
Sun Nov 11 21:39:12 2018
3
18 15
6
9 7
9 8
10 8
8 6
10 6
8 8
0
GamePVC2

Computer level 3
Sun Nov 11 21:40:23 2018
3
20 10
4
10 6
9 5
11 6
9 6
0
Game_3_Pvc
a
Computer level 3
Sun Nov 11 21:41:39 2018
3
18 15
26
9 7
9 8
10 8
8 6
10 6
8 8
9 5
8 7
8 4
8 5
8 9
7 3
11 7
12 8
9 9
12 6
10 4
8 10
10 7
10 5
11 9
12 7
12 9
10 9
11 8
11 10
0
Game5
a
b
Sun Nov 11 21:52:30 2018
0
24 20
14
12 10
13 10
13 11
14 11
14 12
14 13
15 13
12 11
13 12
11 12
12 13
13 14
12 12
15 12
0
